2023 12 30 17 16 23.0 -2.993 139.372
36. 4.225E+18 6.351 115 33 87 298 57 92
  -1.12695312       0.00000000    
  -1.05651855       3.87175759E+15
 -0.986083984       4.22280433E+15
 -0.915649414       4.52893081E+15
 -0.845214844       4.81244804E+15
 -0.774780273       5.30366184E+15
 -0.704345703       6.07214208E+15
 -0.633911133       7.15310643E+15
 -0.563476562       8.29598649E+15
 -0.493041992       9.39429070E+15
 -0.422607422       1.03900713E+16
 -0.352172852       1.12367157E+16
 -0.281738281       1.18541076E+16
 -0.211303711       1.23223106E+16
 -0.140869141       1.27369682E+16
  -7.04345703E-02   1.31872665E+16
   0.00000000       1.36574441E+16
   7.04345703E-02   1.41394726E+16
  0.140869141       1.46346812E+16
  0.211303711       1.51521700E+16
  0.281738281       1.57133891E+16
  0.352172852       1.95805025E+16
  0.422607422       2.05954741E+16
  0.493041992       2.18158719E+16
  0.563476562       2.31373582E+16
  0.633911133       2.46709214E+16
  0.704345703       2.66716309E+16
  0.774780273       2.94647169E+16
  0.845214844       3.31062543E+16
  0.915649414       3.73873338E+16
  0.986083984       4.19942532E+16
   1.05651855       4.66008204E+16
   1.12695312       5.10537694E+16
   1.19738770       5.59071168E+16
   1.26782227       6.18738959E+16
   1.33825684       6.93265403E+16
   1.40869141       7.78000598E+16
   1.47912598       8.65885679E+16
   1.54956055       9.52429614E+16
   1.61999512       1.03525067E+17
   1.69042969       1.11231123E+17
   1.76086426       1.18267061E+17
   1.83129883       1.24639015E+17
   1.90173340       1.30556698E+17
   1.97216797       1.36495804E+17
   2.04260254       1.42969763E+17
   2.11303711       1.50423533E+17
   2.18347168       1.58965295E+17
   2.25390625       1.68503284E+17
   2.32434082       1.79359260E+17
   2.39477539       1.91649910E+17
   2.46520996       2.05256126E+17
   2.53564453       2.19351436E+17
   2.60607910       2.33153932E+17
   2.67651367       2.46090975E+17
   2.74694824       2.57838002E+17
   2.81738281       2.68323168E+17
   2.88781738       2.77687743E+17
   2.95825195       2.86205746E+17
   3.02868652       2.94184610E+17
   3.09912109       3.01876862E+17
   3.16955566       3.09429476E+17
   3.23999023       3.16878701E+17
   3.31042480       3.24188908E+17
   3.38085938       3.31311991E+17
   3.45129395       3.38240838E+17
   3.52172852       3.45034033E+17
   3.59216309       3.51812557E+17
   3.66259766       3.58744256E+17
   3.73303223       3.66037042E+17
   3.80346680       3.73948646E+17
   3.87390137       3.82801708E+17
   3.94433594       3.92984629E+17
   4.01477051       4.04919552E+17
   4.08520508       4.18997699E+17
   4.15563965       4.35502846E+17
   4.22607422       4.54557520E+17
   4.29650879       4.76117019E+17
   4.36694336       5.00001263E+17
   4.43737793       5.25937059E+17
   4.50781250       5.53584004E+17
   4.57824707       5.82546549E+17
   4.64868164       6.12387432E+17
   4.71911621       6.42656025E+17
   4.78955078       6.72929566E+17
   4.85998535       7.02863495E+17
   4.93041992       7.32236674E+17
   5.00085449       7.60975090E+17
   5.07128906       7.89122588E+17
   5.14172363       8.16752765E+17
   5.21215820       8.43839990E+17
   5.28259277       8.70153777E+17
   5.35302734       8.95228552E+17
   5.42346191       9.18432989E+17
   5.49389648       9.39105182E+17
   5.56433105       9.56693382E+17
   5.63476562       9.70846159E+17
   5.70520020       9.81431432E+17
   5.77563477       9.88508301E+17
   5.84606934       9.92290346E+17
   5.91650391       9.93125700E+17
   5.98693848       9.91480625E+17
   6.05737305       9.87885496E+17
   6.12780762       9.82830904E+17
   6.19824219       9.76650412E+17
   6.26867676       9.69442495E+17
   6.33911133       9.61066896E+17
   6.40954590       9.51205239E+17
   6.47998047       9.39454002E+17
   6.55041504       9.25424028E+17
   6.62084961       9.08825113E+17
   6.69128418       8.89517689E+17
   6.76171875       8.67527250E+17
   6.83215332       8.43028001E+17
   6.90258789       8.16321550E+17
   6.97302246       7.87818979E+17
   7.04345703       7.58025650E+17
   7.11389160       7.27511316E+17
   7.18432617       6.96862498E+17
   7.25476074       6.66635206E+17
   7.32519531       6.37321332E+17
   7.39562988       6.09343434E+17
   7.46606445       5.83069436E+17
   7.53649902       5.58819020E+17
   7.60693359       5.36854282E+17
   7.67736816       5.17356436E+17
   7.74780273       5.00411106E+17
   7.81823730       4.85997918E+17
   7.88867188       4.73975892E+17
   7.95910645       4.64064001E+17
   8.02954102       4.55834294E+17
   8.09997559       4.48734885E+17
   8.17041016       4.42138674E+17
   8.24084473       4.35401073E+17
   8.31127930       4.27914429E+17
   8.38171387       4.19151150E+17
   8.45214844       4.08695310E+17
   8.52258301       3.96266911E+17
   8.59301758       3.81750884E+17
   8.66345215       3.65227011E+17
   8.73388672       3.46982917E+17
   8.80432129       3.27481429E+17
   8.87475586       3.07285634E+17
   8.94519043       2.86981039E+17
   9.01562500       2.67159919E+17
   9.08605957       2.48503612E+17
   9.15649414       2.30808931E+17
   9.22692871       2.13705667E+17
   9.29736328       1.90452525E+17
   9.36779785       1.78437869E+17
   9.43823242       1.60329480E+17
   9.50866699       1.44321604E+17
   9.57910156       1.33671288E+17
   9.64953613       1.29209762E+17
   9.71997070       1.24422024E+17
   9.79040527       1.19155862E+17
   9.86083984       1.13315351E+17
   9.93127441       1.06873819E+17
   10.0017090       9.98777207E+16
   10.0721436       9.24421788E+16
   10.1425781       8.11901033E+16
   10.2130127       7.06402462E+16
   10.2834473       6.06146243E+16
   10.3538818       5.71869613E+16
   10.4243164       5.40692703E+16
   10.4947510       5.13674352E+16
   10.5651855       4.91651134E+16
   10.6356201       4.75200078E+16
   10.7060547       4.64581458E+16
   10.7764893       4.59680128E+16
   10.8469238       4.59996452E+16
   10.9173584       4.64698453E+16
   10.9877930       4.72729699E+16
   11.0582275       4.82921656E+16
   11.1286621       4.94083847E+16
   11.1990967       5.05069127E+16
   11.2695312       5.14856241E+16
   11.3399658       4.79464594E+16
   11.4104004       4.91696317E+16
   11.4808350       5.01550690E+16
   11.5512695       5.08893280E+16
   11.6217041       5.13880467E+16
   11.6921387       5.16755390E+16
   11.7625732       5.17621341E+16
   11.8330078       5.16307897E+16
   11.9034424       5.12394065E+16
   11.9738770       5.05369088E+16
   12.0443115       4.94848179E+16
   12.1147461       4.80747458E+16
   12.1851807       4.63362633E+16
   12.2556152       4.43351263E+16
   12.3260498       4.21641320E+16
   12.3964844       3.99312730E+16
   12.4669189       3.77477503E+16
   12.5373535       3.57187777E+16
   12.6077881       3.39365660E+16
   12.6782227       3.24744367E+16
   12.7486572       3.13792050E+16
   12.8190918       3.06618531E+16
   12.8895264       3.02880557E+16
   12.9599609       3.01738654E+16
   13.0303955       3.01910066E+16
   13.1008301       3.01844976E+16
   13.1712646       2.99989142E+16
   13.2416992       2.47506853E+16
   13.3121338       2.46718319E+16
   13.3825684       2.42517970E+16
   13.4530029       2.34697564E+16
   13.5234375       2.23410992E+16
   13.5938721       2.09116503E+16
   13.6643066       1.45552394E+16
   13.7347412       1.28030001E+16
   13.8051758       1.08312257E+16
   13.8756104       8.72927461E+15
   13.9460449       6.60167182E+15
   14.0164795       0.00000000    
   14.0869141       0.00000000    
   14.1573486       0.00000000    
   14.2277832       0.00000000    
   14.2982178       0.00000000    
   14.3686523       0.00000000    
