2023 12 30 17 16 23.0 -2.993 139.372
36. 4.225E+18 6.351 115 33 87 298 57 92
  -1.12695312       0.00000000    
  -1.05651855       0.00000000    
 -0.986083984       0.00000000    
 -0.915649414       0.00000000    
 -0.845214844       0.00000000    
 -0.774780273       0.00000000    
 -0.704345703       0.00000000    
 -0.633911133       0.00000000    
 -0.563476562       0.00000000    
 -0.493041992       0.00000000    
 -0.422607422       0.00000000    
 -0.352172852       0.00000000    
 -0.281738281       0.00000000    
 -0.211303711       0.00000000    
 -0.140869141       0.00000000    
  -7.04345703E-02   0.00000000    
   0.00000000       0.00000000    
   7.04345703E-02   2.26746055E+16
  0.140869141       2.93964570E+16
  0.211303711       3.56802067E+16
  0.281738281       4.13379092E+16
  0.352172852       4.62699275E+16
  0.422607422       5.04427760E+16
  0.493041992       5.38806181E+16
  0.563476562       5.66593546E+16
  0.633911133       5.88997985E+16
  0.704345703       6.07565988E+16
  0.774780273       6.24047796E+16
  0.845214844       6.40219250E+16
  0.915649414       6.57703976E+16
  0.986083984       6.77819756E+16
   1.05651855       7.01497223E+16
   1.12695312       7.29263543E+16
   1.19738770       7.61303054E+16
   1.26782227       7.97570531E+16
   1.33825684       8.37942880E+16
   1.40869141       8.82357652E+16
   1.47912598       9.30922393E+16
   1.54956055       9.83961803E+16
   1.61999512       1.04200451E+17
   1.69042969       1.10568255E+17
   1.76086426       1.17558744E+17
   1.83129883       1.25209618E+17
   1.90173340       1.33522192E+17
   1.97216797       1.42446662E+17
   2.04260254       1.51874579E+17
   2.11303711       1.61638792E+17
   2.18347168       1.71526752E+17
   2.25390625       1.81300345E+17
   2.32434082       1.90721785E+17
   2.39477539       1.99577338E+17
   2.46520996       2.07698142E+17
   2.53564453       2.14971171E+17
   2.60607910       2.21343012E+17
   2.67651367       2.26816381E+17
   2.74694824       2.31445222E+17
   2.81738281       2.35326962E+17
   2.88781738       2.38597356E+17
   2.95825195       2.41424785E+17
   3.02868652       2.44009152E+17
   3.09912109       2.46578952E+17
   3.16955566       2.49388616E+17
   3.23999023       2.52711048E+17
   3.31042480       2.56828771E+17
   3.38085938       2.62021043E+17
   3.45129395       2.68552846E+17
   3.52172852       2.76667259E+17
   3.59216309       2.86585696E+17
   3.66259766       2.98508920E+17
   3.73303223       3.12619125E+17
   3.80346680       3.29077852E+17
   3.87390137       3.48022368E+17
   3.94433594       3.69554036E+17
   4.01477051       3.93724703E+17
   4.08520508       4.20519286E+17
   4.15563965       4.49844773E+17
   4.22607422       4.81522046E+17
   4.29650879       5.15288667E+17
   4.36694336       5.50808150E+17
   4.43737793       5.87690339E+17
   4.50781250       6.25511547E+17
   4.57824707       6.63833856E+17
   4.64868164       7.02217807E+17
   4.71911621       7.40235208E+17
   4.78955078       7.77476079E+17
   4.85998535       8.13557722E+17
   4.93041992       8.48129185E+17
   5.00085449       8.80882193E+17
   5.07128906       9.11555819E+17
   5.14172363       9.39941429E+17
   5.21215820       9.65877603E+17
   5.28259277       9.89242569E+17
   5.35302734       1.00993462E+18
   5.42346191       1.02785006E+18
   5.49389648       1.04285785E+18
   5.56433105       1.05479243E+18
   5.63476562       1.06345720E+18
   5.70520020       1.06864401E+18
   5.77563477       1.07015748E+18
   5.84606934       1.06784205E+18
   5.91650391       1.06160054E+18
   5.98693848       1.05140346E+18
   6.05737305       1.03728587E+18
   6.12780762       1.01934569E+18
   6.19824219       9.97743443E+17
   6.26867676       9.72709350E+17
   6.33911133       9.44549964E+17
   6.40954590       9.13653893E+17
   6.47998047       8.80490698E+17
   6.55041504       8.45597422E+17
   6.62084961       8.09557149E+17
   6.69128418       7.72970281E+17
   6.76171875       7.36429592E+17
   6.83215332       7.00492811E+17
   6.90258789       6.65660489E+17
   6.97302246       6.32358687E+17
   7.04345703       6.00932995E+17
   7.11389160       5.71645991E+17
   7.18432617       5.44681705E+17
   7.25476074       5.20150639E+17
   7.32519531       4.98100620E+17
   7.39562988       4.78526874E+17
   7.46606445       4.61383907E+17
   7.53649902       4.46595716E+17
   7.60693359       4.34067365E+17
   7.67736816       4.23688697E+17
   7.74780273       4.15331481E+17
   7.81823730       4.08836425E+17
   7.88867188       4.03999914E+17
   7.95910645       4.00562188E+17
   8.02954102       3.98207103E+17
   8.09997559       3.96575084E+17
   8.17041016       3.95289652E+17
   8.24084473       3.93987692E+17
   8.31127930       3.92348183E+17
   8.38171387       3.90112567E+17
   8.45214844       3.87098118E+17
   8.52258301       3.83199937E+17
   8.59301758       3.78383629E+17
   8.66345215       3.72665688E+17
   8.73388672       3.66090677E+17
   8.80432129       3.58701615E+17
   8.87475586       3.50516095E+17
   8.94519043       3.41510614E+17
   9.01562500       3.31624733E+17
   9.08605957       3.20779219E+17
   9.15649414       3.08907173E+17
   9.22692871       2.95985335E+17
   9.29736328       2.82062047E+17
   9.36779785       2.67266727E+17
   9.43823242       2.51802096E+17
   9.50866699       2.35916627E+17
   9.57910156       2.19870474E+17
   9.64953613       2.03896597E+17
   9.71997070       1.88171623E+17
   9.79040527       1.72793973E+17
   9.86083984       1.57777668E+17
   9.93127441       1.43051574E+17
   10.0017090       1.28468218E+17
   10.0721436       1.13818248E+17
   10.1425781       9.88649159E+16
   10.2130127       8.34029563E+16
   10.2834473       0.00000000    
   10.3538818       0.00000000    
   10.4243164       0.00000000    
   10.4947510       0.00000000    
   10.5651855       0.00000000    
   10.6356201       0.00000000    
   10.7060547       0.00000000    
   10.7764893       0.00000000    
   10.8469238       0.00000000    
   10.9173584       0.00000000    
   10.9877930       0.00000000    
   11.0582275       0.00000000    
   11.1286621       0.00000000    
   11.1990967       0.00000000    
   11.2695312       0.00000000    
   11.3399658       0.00000000    
   11.4104004       0.00000000    
   11.4808350       0.00000000    
   11.5512695       0.00000000    
   11.6217041       0.00000000    
   11.6921387       0.00000000    
   11.7625732       0.00000000    
   11.8330078       0.00000000    
   11.9034424       0.00000000    
   11.9738770       0.00000000    
   12.0443115       0.00000000    
   12.1147461       0.00000000    
   12.1851807       0.00000000    
   12.2556152       0.00000000    
   12.3260498       0.00000000    
   12.3964844       0.00000000    
   12.4669189       0.00000000    
   12.5373535       0.00000000    
   12.6077881       0.00000000    
   12.6782227       0.00000000    
   12.7486572       0.00000000    
   12.8190918       0.00000000    
   12.8895264       0.00000000    
   12.9599609       0.00000000    
   13.0303955       0.00000000    
   13.1008301       0.00000000    
   13.1712646       0.00000000    
   13.2416992       0.00000000    
   13.3121338       0.00000000    
   13.3825684       0.00000000    
   13.4530029       0.00000000    
   13.5234375       0.00000000    
   13.5938721       0.00000000    
   13.6643066       0.00000000    
   13.7347412       0.00000000    
   13.8051758       0.00000000    
   13.8756104       0.00000000    
   13.9460449       0.00000000    
   14.0164795       0.00000000    
   14.0869141       0.00000000    
   14.1573486       0.00000000    
   14.2277832       0.00000000    
   14.2982178       0.00000000    
   14.3686523       0.00000000    
